121
1 1 1
2 0 3 0 4 0 5 0 6 0 7 0 8 0 -1
2 3 1
115 0 106 0 92 0 72 0 45 0 9 0 120 0 -1
3 3 1
115 0 107 0 93 0 73 0 46 0 10 0 116 0 -1
4 3 1
106 0 107 0 94 0 74 0 47 0 11 0 108 0 -1
5 3 1
92 0 93 0 94 0 75 0 48 0 12 0 95 0 -1
6 3 1
72 0 73 0 74 0 75 0 49 0 13 0 76 0 -1
7 3 1
45 0 46 0 47 0 48 0 49 0 14 0 50 0 -1
8 3 1
9 0 10 0 11 0 12 0 13 0 14 0 15 0 -1
9 6 1
44 0 -1
10 6 1
42 0 -1
11 6 1
39 0 -1
12 6 1
35 0 -1
13 6 1
30 0 -1
14 6 1
24 0 -1
15 3 1
16 0 -1
16 3 1
17 0 -1
17 3 1
18 0 -1
18 3 1
19 0 -1
19 3 1
20 0 -1
20 3 1
21 0 -1
21 3 1
22 0 -1
22 1 1
23 0 -1
23 0 1
-1
24 6 1
25 0 -1
25 6 1
26 0 -1
26 6 1
27 0 -1
27 6 1
28 0 -1
28 6 1
29 0 -1
29 3 1
21 0 -1
30 6 1
31 0 -1
31 6 1
32 0 -1
32 6 1
33 0 -1
33 6 1
34 0 -1
34 3 1
28 0 20 0 -1
35 6 1
36 0 -1
36 6 1
37 0 -1
37 6 1
38 0 -1
38 3 1
33 0 27 0 19 0 -1
39 6 1
40 0 -1
40 6 1
41 0 -1
41 3 1
37 0 32 0 26 0 18 0 -1
42 6 1
43 0 -1
43 3 1
40 0 36 0 31 0 25 0 17 0 -1
44 3 1
42 0 39 0 35 0 30 0 24 0 16 0 -1
45 6 1
71 0 -1
46 6 1
69 0 -1
47 6 1
66 0 -1
48 6 1
62 0 -1
49 6 1
57 0 -1
50 3 1
51 0 -1
51 3 1
52 0 -1
52 3 1
53 0 -1
53 3 1
54 0 -1
54 3 1
55 0 -1
55 3 1
56 0 -1
56 1 1
29 0 -1
57 6 1
58 0 -1
58 6 1
59 0 -1
59 6 1
60 0 -1
60 6 1
61 0 -1
61 3 1
28 0 55 0 -1
62 6 1
63 0 -1
63 6 1
64 0 -1
64 6 1
65 0 -1
65 3 1
60 0 27 0 54 0 -1
66 6 1
67 0 -1
67 6 1
68 0 -1
68 3 1
64 0 59 0 26 0 53 0 -1
69 6 1
70 0 -1
70 3 1
67 0 63 0 58 0 25 0 52 0 -1
71 3 1
69 0 66 0 62 0 57 0 24 0 51 0 -1
72 6 1
91 0 -1
73 6 1
89 0 -1
74 6 1
86 0 -1
75 6 1
82 0 -1
76 3 1
77 0 -1
77 3 1
78 0 -1
78 3 1
79 0 -1
79 3 1
80 0 -1
80 3 1
81 0 -1
81 1 1
61 0 34 0 -1
82 6 1
83 0 -1
83 6 1
84 0 -1
84 6 1
85 0 -1
85 3 1
60 0 33 0 80 0 -1
86 6 1
87 0 -1
87 6 1
88 0 -1
88 3 1
84 0 59 0 32 0 79 0 -1
89 6 1
90 0 -1
90 3 1
87 0 83 0 58 0 31 0 78 0 -1
91 3 1
89 0 86 0 82 0 57 0 30 0 77 0 -1
92 6 1
105 0 -1
93 6 1
103 0 -1
94 6 1
100 0 -1
95 3 1
96 0 -1
96 3 1
97 0 -1
97 3 1
98 0 -1
98 3 1
99 0 -1
99 1 1
85 0 65 0 38 0 -1
100 6 1
101 0 -1
101 6 1
102 0 -1
102 3 1
84 0 64 0 37 0 98 0 -1
103 6 1
104 0 -1
104 3 1
101 0 83 0 63 0 36 0 97 0 -1
105 3 1
103 0 100 0 82 0 62 0 35 0 96 0 -1
106 6 1
114 0 -1
107 6 1
112 0 -1
108 3 1
109 0 -1
109 3 1
110 0 -1
110 3 1
111 0 -1
111 1 1
102 0 88 0 68 0 41 0 -1
112 6 1
113 0 -1
113 3 1
101 0 87 0 67 0 40 0 110 0 -1
114 3 1
112 0 100 0 86 0 66 0 39 0 109 0 -1
115 6 1
119 0 -1
116 3 1
117 0 -1
117 3 1
118 0 -1
118 1 1
113 0 104 0 90 0 70 0 43 0 -1
119 3 1
112 0 103 0 89 0 69 0 42 0 117 0 -1
120 3 1
121 0 -1
121 1 1
119 0 114 0 105 0 91 0 71 0 44 0 -1
